0.000019 2
1.694360 1
0.339850 1
0.139233 1
0.075868 1
0.600818 1
0.216969 1
0.304346 1
0.175880 1
0.111458 1
0.121416 1
0.331785 1
0.221698 3
0.120898 3
0.188413 1
0.173157 1
0.240477 1
0.381728 1
0.375555 1
0.185022 2
0.107269 69
1.580138 1
0.238104 1
0.210852 1
0.362622 2
0.000273 102
1.401956 1
0.225828 2
0.000123 16
4.781645 84
2.141736 2
0.007145 115
0.000049 18
2.526902 1
1.064852 2
0.000161 16
1.272574 84
0.783091 2
0.001026 142
10.368673 74
2.823804 3
0.498035 3
0.083902 3
0.086131 3
0.083852 3
0.083486 3
0.083197 3
0.084570 3
0.083548 3
0.083643 3
0.084251 3
0.083599 3
0.082054 3
0.084323 3
0.086192 3
0.084169 3
0.083883 3
0.083935 3
0.083396 3
0.084643 3
0.082482 3
0.084927 3
0.083639 3
0.084373 3
0.083034 3
0.084049 3
0.084465 3
0.083989 3
0.083883 3
0.083376 3
0.083824 3
0.084749 3
0.082806 3
0.084183 3
0.084345 3
0.083858 3
0.082023 3
0.085130 3
0.083493 3
0.084333 3
0.083892 3
0.083821 3
0.083300 3
0.080586 3
0.084167 3
0.084409 3
0.085406 3
0.085055 3
0.083654 3
0.084540 3
0.083252 3
0.084104 3
0.084074 3
0.083966 3
0.084015 3
0.083981 3
0.083519 3
0.082433 3
0.082018 3
0.087705 3
0.082306 3
0.085987 3
0.082719 3
0.084800 3
0.083561 3
0.084601 3
0.084594 3
0.082653 3
0.083973 3
0.084911 3
0.084083 3
0.083602 3
0.083935 3
0.084301 3
0.522138 1
0.329379 2
0.000165 16
0.972255 74
1.046298 2
0.002615 133
4.706890 1
0.637262 2
0.000192 16
5.187296 26
1.683349 2
0.001505 115
0.000031 18
3.486674 1
5.039025 2
0.000158 18
9.638152 6
0.608657 2
0.002741 198
12.057999 1
1.153185 2
0.000178 18
0.837074 6
0.738307 2
0.002215 140
0.815954 1
0.365151 2
0.000206 18
0.957644 6
0.506512 2
0.002553 122
0.000045 18
1.295363 1
0.290900 2
0.000224 18
0.777946 6
0.828115 2
0.002055 140
0.965805 1
0.260738 2
0.000182 18
1.077793 6
0.346934 2
0.001547 140
0.569745 1
0.186813 2
0.000148 18
0.761931 6
0.334225 2
0.001934 140
1.700751 1
0.524217 2
0.003159 268
0.000626 119
0.000105 18
4.669201 1
0.269631 2
0.000231 10
0.037036 2
4.478366 1
0.261607 1
0.141183 1
0.084874 1
0.187404 1
0.200586 1
0.270417 1
0.209334 1
0.083902 1
0.119042 1
0.157214 1
0.233356 1
0.270679 1
0.547163 1
0.959907 2
0.083453 69
1.171427 1
0.240547 1
0.325302 1
0.105304 1
0.284918 1
0.352949 2
0.000214 84
0.000076 18
1.014479 1
0.876469 2
0.000222 16
7.198017 65
0.625763 2
0.006918 133
3.057122 1
1.267276 2
0.000613 18
3.374035 6
0.467689 2
0.002220 161
0.000046 18
1.250092 1
0.398007 2
0.000372 18
0.936986 6
0.331051 2
0.001721 152
0.000034 9
0.000069 18
5.690862 1
0.404698 2
0.000186 16
0.905154 36
0.482265 2
0.002801 133
2.680343 1
0.344327 2
0.000162 18
0.565615 1
0.003046 1
0.030101 1
0.144339 1
0.045167 1
0.293434 2
0.001832 133
7.348313 1
0.645271 2
0.000013 18
0.746461 6
0.339630 2
0.001749 150
2.715552 1
0.299807 2
0.002420 170
0.001184 137
13.623138 1
1.906251 12
0.025453 2
7.040725 2
